1830
1941
1830
1830
1941
1830
1830
1941
1830
1830
1830
1830
1830
1941
1830
1830
1941
1830
1830
1941
1830
1830
1941
1830
1830
1941
1830
1830
1941
1830
1830
1941
1830
1830
1941
1830
1830
1941
1830
1830
1941
1830
1830
1941
1830
1844
1941
391
385
392
394
378
371
381
379
380
383
378
371
381
379
380
383
391
392
385
394
428
436
423
424
421
420
422
422
422
433
433
433
429
429
429
1845
1942
1941
403
404
405
402
402
402
1943
1943
402
402
403
403
404
405
405
427
438
437
439
1845
1942
1941
407
407
418
418
423
424
421
422
420
429
428
433
436
438
427
439
437
450
467
461
466
447
454
459
468
446
462
1944
1944
446
447
454
459
468
462
450
467
466
461
491
479
484
474
493
482
487
489
474
493
482
487
489
479
491
484
512
514
520
519
521
517
498
501
500
506
498
506
501
500
512
514
520
519
517
521
598
599
603
555
554
548
546
567
528
532
536
532
536
528
552
556
566
569
555
554
548
546
567
552
569
556
566
570
570
572
572
1945
1946
1947
1945
1946
1948
1947
1948
590
1949
591
1950
1949
577
1950
583
593
1951
1951
590
591
577
583
593
598
599
603
685
689
693
692
654
663
672
665
669
668
681
670
676
608
608
1952
1952
1953
1953
611
611
614
614
615
615
622
623
622
623
626
626
628
629
627
628
629
627
631
632
630
631
632
630
634
635
633
633
635
634
636
636
641
639
641
639
644
644
646
647
646
647
650
649
650
649
651
651
654
663
672
665
669
668
681
670
676
685
689
693
692
704
708
713
694
697
694
697
700
698
700
698
704
708
713
732
724
735
723
719
719
723
732
724
735
738
738
791
799
798
761
760
759
768
784
785
765
774
773
772
778
771
746
746
751
749
751
749
757
756
755
757
756
755
761
760
759
768
784
785
765
774
773
772
778
771
799
798
791
838
844
845
848
810
811
820
829
816
823
819
833
837
836
803
804
803
804
806
806
810
811
820
829
816
823
819
833
837
836
838
844
845
848
892
887
894
886
867
866
868
860
856
861
857
882
880
873
879
875
876
852
851
851
852
867
866
868
860
856
861
857
882
880
873
879
875
876
892
887
886
894
911
908
909
912
905
897
898
897
898
911
908
912
909
905
925
928
927
924
929
916
916
927
928
925
924
929
945
942
943
944
940
932
932
945
942
943
940
944
960
961
956
957
947
948
947
948
960
961
957
956
976
967
971
970
978
975
976
971
967
975
978
970
997
995
999
994
980
980
984
982
984
982
997
995
999
994
1024
1021
1018
1020
1010
1006
1006
1008
1009
1009
1008
1013
1012
1010
1012
1013
1024
1021
1018
1020
1831
1941
1941
1830
1941
1830
1830
1941
1830
1845
1942
1941
1830
1941
1830
1831
1942
1941
1831
1941
1941
1830
1941
1830
1830
1941
1830
1831
1831
1954
1941
1033
1032
1036
1034
1033
1032
1036
1034
1832
1942
1941
1832
1942
1941
1832
1942
1941
1832
1832
1832
1832
1955
1942
1832
1955
1942
1832
1955
1942
1832
1955
1942
1832
1955
1942
1832
1941
1941
1832
1955
1942
1832
1956
1830
1956
1832
1955
1942
1832
1955
1942
1832
1955
1942
1832
1941
1942
1832
1955
1942
1832
1957
1956
77
76
78
75
74
73
65
65
1958
64
1959
1959
65
66
68
68
1958
67
1959
68
1959
69
72
72
1958
70
1959
71
1959
72
73
1958
73
77
76
75
74
78
119
126
121
118
1958
1958
1958
1958
1958
74
75
76
77
78
122
1958
1958
1958
1958
1958
1958
1958
79
80
81
82
83
84
85
90
104
92
108
93
111
91
90
104
92
108
93
111
91
119
126
121
118
122
1958
1958
1958
1958
1958
86
87
88
89
90
145
138
1958
1958
1958
1958
1958
1958
1958
1958
1958
1958
1958
1958
1958
1958
1958
1958
1958
1958
1958
1958
1958
1958
1958
1958
91
92
93
94
95
96
97
98
99
100
101
102
103
104
105
106
107
108
109
110
111
112
113
114
1958
1958
1958
1958
1958
1958
1958
1958
1958
1958
1958
1958
1958
1958
115
116
117
118
119
120
121
122
123
124
125
126
127
128
135
1958
129
1959
1959
130
131
133
133
1958
132
1959
133
1959
134
135
1958
135
145
138
156
152
1958
1958
1958
1958
1958
1958
1958
1958
1958
1958
1958
1958
136
137
138
139
140
141
142
143
144
145
146
147
1958
148
1959
149
1959
150
1958
151
1960
152
156
169
170
168
1958
1958
1958
1958
1958
1958
1958
1958
1958
1958
1958
1958
152
153
154
155
156
157
158
159
160
161
162
163
167
164
164
1958
164
1959
165
1959
166
167
169
168
170
1958
167
1958
1958
1958
168
169
170
1958
1958
1958
1958
1958
1958
1958
1958
1958
171
172
173
174
175
176
177
178
179
185
187
184
193
194
181
182
182
181
1958
180
1959
1959
181
182
1958
183
185
187
184
194
193
1958
1958
1958
1958
1958
1958
1958
1958
1958
184
185
186
187
188
189
190
191
192
1958
1958
193
194
1958
195
209
207
199
205
209
207
199
205
1958
196
217
219
216
218
1958
197
1958
1958
1958
1958
1958
1958
1958
1958
1958
1958
1958
1958
198
199
200
201
202
203
204
205
206
207
208
209
1959
210
1959
211
214
214
1958
212
1959
213
1959
214
1958
215
217
219
218
216
246
238
1958
1958
1958
1958
216
217
218
219
1958
1958
1958
1958
1958
1958
1958
1958
220
221
222
223
224
225
226
227
1958
228
1959
229
1959
230
233
233
1958
231
1959
232
246
238
1959
233
1958
234
1958
1958
1958
1958
1958
1958
1958
1958
1958
1958
1958
1958
235
236
237
238
239
240
241
242
243
244
245
246
260
251
257
256
250
250
1958
1958
247
248
1959
249
1959
250
260
251
257
256
1958
1958
1958
1958
1958
1958
1958
1958
1958
1958
1958
1958
251
252
253
254
255
256
257
258
259
260
261
262
280
282
269
266
273
272
1958
263
269
266
273
272
280
282
1958
1958
1958
1958
1958
1958
1958
1958
1958
1958
264
265
266
267
268
269
270
271
272
273
1958
1958
274
275
1958
1958
1958
1958
1958
1958
1958
1958
276
277
278
279
280
281
282
283
288
291
287
285
289
287
291
288
285
289
303
1958
1958
1958
1958
1958
1958
1958
1958
284
285
286
287
288
289
290
291
294
292
292
294
1958
292
1958
293
1959
1959
294
295
303
315
320
322
323
321
1958
1958
1958
1958
1958
1958
1958
1958
1958
1958
1958
1958
296
297
298
299
300
301
302
303
304
305
306
307
1958
308
1958
309
320
315
321
323
322
1959
310
1959
311
352
349
356
357
345
1958
1958
1958
1958
1958
1958
1958
1958
1958
1958
1958
1958
312
313
314
315
316
317
318
319
320
321
322
323
328
329
335
327
338
333
337
332
362
348
343
341
1958
324
1959
1959
325
326
329
335
327
338
333
337
332
362
348
343
341
349
352
356
357
345
1958
1958
1958
1958
1958
1958
1958
1958
1958
1958
1958
1958
327
328
329
330
331
332
333
334
328
335
336
337
338
1958
1958
1958
1958
1958
1958
1958
1958
1958
1958
1958
1958
1958
1958
1958
1958
1958
1958
1958
1958
1958
1958
1958
1958
1958
1958
1958
1958
1958
1958
339
340
341
342
343
344
345
346
347
348
349
350
351
352
353
354
355
356
357
358
359
360
361
362
363
364
365
366
367
368
1958
369
1833
1961
1955
1833
1961
1955
1833
1961
1955
1833
1961
1955
1833
1961
1955
1833
1941
1955
1833
1961
1955
1833
1961
1955
1833
1961
1955
1833
1961
1955
1833
1941
1955
1833
1941
1955
1833
1941
1955
1833
1961
1955
1833
1833
1833
1962
1961
1833
1941
1961
1833
1962
1961
1833
1962
1961
1833
1833
1833
1833
1962
1961
1833
1962
1961
1833
1962
1961
1833
1941
1961
1833
1962
1961
1963
1941
1073
1079
1076
1038
1049
1038
1051
1052
1072
1071
1068
1070
1065
1049
1051
1052
1072
1071
1068
1070
1065
1073
1076
1079
1125
1120
1090
1089
1107
1095
1098
1106
1103
1097
1102
1110
1118
1094
1117
1090
1089
1107
1095
1098
1106
1103
1097
1102
1110
1118
1094
1117
1125
1120
1174
1178
1173
1177
1170
1167
1168
1129
1154
1137
1150
1157
1143
1152
1160
1129
1165
1156
1140
1148
1153
1158
1134
1134
1137
1154
1156
1140
1143
1157
1148
1160
1158
1153
1165
1150
1152
1174
1173
1178
1177
1170
1168
1167
1220
1223
1219
1179
1206
1197
1179
1199
1210
1186
1191
1189
1212
1181
1180
1181
1180
1206
1197
1199
1210
1186
1191
1189
1212
1220
1223
1219
1267
1265
1263
1268
1271
1261
1272
1226
1226
1249
1238
1243
1234
1236
1229
1229
1238
1243
1234
1236
1249
1267
1265
1268
1263
1271
1261
1272
1834
1941
1962
1833
1962
1961
1833
1962
1961
1834
1962
1962
1833
1962
1961
1833
1962
1961
1833
1962
1961
1833
1962
1961
1834
1834
1834
1941
1962
1834
1941
1962
1834
1941
1962
1834
1941
1962
1834
1941
1962
1834
1834
1834
1834
1941
1962
1834
1942
1964
1834
1941
1964
1834
1942
1964
1834
1942
1964
1834
1834
1834
1834
1941
1964
1834
1942
1964
1834
1941
1965
1834
1942
1964
1834
1942
1965
1834
1942
1964
1834
1942
1964
1834
1942
1964
1834
1942
1964
1835
1835
1941
1965
1834
1942
1964
1834
1942
1964
1834
1942
1964
1834
1942
1964
1835
1835
1835
1941
1965
1834
1942
1964
1834
1942
1964
1834
1942
1964
1834
1942
1964
1835
1835
1966
1941
1308
1317
1309
1287
1286
1293
1288
1295
1285
1277
1284
1306
1302
1290
1296
1297
1286
1293
1288
1287
1295
1285
1277
1284
1290
1296
1306
1302
1308
1317
1309
1297
1361
1362
1363
1365
1324
1331
1332
1329
1330
1327
1348
1339
1345
1351
1349
1341
1347
1350
1346
1344
1354
1322
1322
1324
1331
1332
1329
1330
1327
1348
1339
1345
1351
1349
1341
1347
1350
1346
1344
1354
1362
1361
1363
1365
1412
1414
1409
1416
1386
1390
1384
1381
1401
1396
1403
1371
1371
1386
1390
1384
1381
1401
1396
1403
1412
1414
1409
1416
1836
1941
1965
1836
1941
1965
1836
1941
1965
1836
1941
1965
1836
1941
1965
1836
1941
1965
1836
1941
1965
1836
1941
1965
1836
1836
1857
1941
1703
1708
1705
1711
1709
1707
1696
1692
1696
1692
1703
1708
1705
1711
1707
1709
1743
1715
1738
1737
1734
1728
1729
1733
1730
1736
1715
1724
1724
1738
1737
1734
1728
1729
1733
1730
1736
1743
1779
1778
1774
1781
1766
1765
1760
1767
1768
1759
1761
1772
1755
1753
1837
1941
1967
1837
1941
1967
1837
1941
1967
1837
1941
1967
1837
1941
1967
1837
1837
1837
1778
1778
1781
1781
1779
1779
1766
1766
1765
1765
1774
1778
1774
1781
1759
1759
1779
1766
1768
1768
1765
1774
1767
1767
1759
1760
1760
1768
1761
1761
1767
1772
1772
1760
1761
1772
1858
1941
1757
1758
1757
1758
1838
1941
1968
1838
1941
1968
1838
1941
1968
1838
1941
1968
1838
1838
1838
1779
1779
1765
1765
1778
1778
1781
1781
1774
1774
1766
1766
1779
1765
1759
1759
1778
1781
1774
1767
1767
1766
1759
1760
1760
1767
1760
1768
1768
1772
1772
1768
1772
1761
1761
1761
1848
1941
1766
1765
1760
1767
1768
1759
1761
1772
1779
1774
1778
1781
1805
1807
1804
1810
1811
1790
1791
1803
1788
1788
1790
1791
1803
1805
1804
1807
1811
1810
1441
1429
1423
1427
1430
1443
1436
1432
1435
1431
1444
1822
1821
1822
1821
1839
1941
1969
1839
1941
1969
1839
1941
1969
1839
1839
1839
1839
1941
1969
1839
1941
1969
1839
1941
1969
1839
1941
1969
1850
1941
1468
1469
1460
1467
1471
1470
1457
1452
1450
1455
1447
1459
1457
1452
1450
1455
1459
1447
1468
1469
1460
1471
1467
1470
1483
1492
1498
1488
1489
1497
1496
1473
1480
1484
1495
1482
1494
1494
1483
1496
1494
1482
1484
1497
1498
1480
1473
1489
1495
1488
1492
1840
1942
1970
1840
1942
1970
1840
1942
1970
1840
1942
1970
1840
1942
1970
1830
1840
1942
1970
1840
1942
1970
1840
1942
1970
1840
1942
1970
1840
1942
1970
1830
1830
1830
1830
1830
1830
1849
1942
1970
1849
1942
1970
1849
1942
1970
1849
1942
1970
1849
1942
1970
1849
1942
1970
1849
1942
1970
1849
1942
1970
1849
1942
1970
1849
1942
1970
1849
1942
1970
1849
1942
1970
1849
1942
1970
1849
1942
1970
1849
1942
1970
1849
1942
1970
1849
1942
1970
1849
1942
1970
1849
1942
1970
1849
1942
1970
1849
1942
1970
1851
1971
1941
1971
1972
1851
1972
1851
1973
1941
1517
1538
1533
1840
1942
1970
1840
1942
1970
1840
1942
1970
1840
1942
1970
1840
1942
1970
1840
1942
1970
1840
1942
1970
1840
1942
1970
1840
1942
1970
1840
1942
1970
1849
1942
1970
1849
1942
1970
1531
1541
1501
1506
1502
1527
1530
1523
1501
1517
1506
1502
1527
1530
1523
1541
1531
1538
1533
1584
1585
1578
1575
1576
1546
1559
1551
1561
1558
1549
1555
1571
1546
1559
1551
1561
1558
1549
1555
1571
1584
1578
1585
1576
1575
1632
1635
1639
1612
1604
1608
1613
1601
1617
1614
1606
1619
1628
1630
1626
1590
1589
1590
1589
1593
1594
1592
1592
1593
1594
1597
1597
1612
1604
1608
1614
1617
1606
1619
1628
1630
1626
1601
1635
1632
1639
1613
1671
1669
1686
1677
1667
1644
1663
1644
1685
1660
1656
1682
1649
1647
1648
1658
1655
1653
1657
1674
1647
1648
1649
1653
1655
1656
1657
1658
1660
1841
1941
1974
1841
1941
1974
1841
1941
1974
1841
1841
1841
1975
1941
1841
1941
1974
1842
1942
1976
1842
1942
1976
1842
1942
1976
1842
1842
1842
1842
1955
1977
1842
1955
1977
1842
1955
1977
1842
1955
1977
1842
1955
1977
1842
1941
1977
1842
1955
1977
1842
1955
1977
1842
1842
1842
1842
1941
1976
1842
1955
1977
1830
1941
1830
1830
1941
1830
1830
1941
1830
1830
1978
1830
1978
1830
1941
1830
1830
1979
1978
393
390
384
388
370
370
1958
370
375
377
373
374
372
1980
376
382
375
377
373
374
372
376
382
393
390
384
388
1958
1958
1958
1958
1958
1958
1958
1958
1958
1958
1958
1958
371
372
373
374
375
376
377
378
379
380
381
382
1958
383
1958
1958
1958
1958
1958
1958
1958
1958
1958
1958
1958
1958
384
385
386
387
388
389
390
391
392
393
394
395
430
434
401
399
400
440
406
431
419
425
1958
396
435
435
426
426
432
432
401
401
400
400
399
441
441
1958
397
1958
398
1845
1942
1941
1958
1958
1958
399
400
401
402
402
402
1943
404
404
405
405
1845
1942
1941
1958
1958
402
403
404
404
405
405
1958
1958
404
405
1845
1942
1941
1845
1942
1941
408
406
1958
406
408
1958
407
1959
1959
408
409
411
411
414
415
413
1958
410
1959
411
1959
412
413
414
415
1958
413
1959
414
1959
415
1958
416
1959
1959
417
418
419
426
425
431
435
432
430
434
441
440
1958
1958
1958
1958
1958
1958
1958
1958
419
420
421
422
423
424
425
426
1958
1958
1958
1958
1958
1958
1958
1958
1958
1958
427
428
429
430
431
432
433
434
435
436
1958
437
1958
1958
1958
1958
438
439
440
441
465
458
455
457
464
453
451
442
448
444
442
460
443
449
463
1958
442
1944
448
449
444
443
463
460
458
465
455
464
457
451
453
1958
443
1958
1958
1958
1958
1958
1958
444
445
446
447
448
449
480
485
483
490
1958
1958
1958
1958
1958
1958
1958
1958
1958
1958
1958
1958
1958
1958
1958
1958
1958
1958
1958
450
451
452
453
454
455
456
457
458
459
460
461
462
463
464
465
466
467
468
469
472
470
475
476
469
471
1958
469
472
470
475
476
471
480
485
490
483
510
511
1958
1958
1958
1958
1958
1958
1958
470
471
472
473
474
475
476
507
505
503
1958
1958
1958
1958
1958
1958
1958
1958
1958
1958
1958
1958
1958
1958
1958
1958
1958
1958
477
478
479
480
481
482
483
484
485
486
487
488
489
490
491
492
493
494
504
497
499
1958
495
507
505
497
503
499
504
1958
496
510
511
1958
497
605
600
595
601
1958
1958
1958
1958
1958
1958
1958
1958
1958
1958
1958
1958
498
499
500
501
502
503
504
505
506
507
508
509
540
539
541
523
1958
1958
510
511
529
538
537
533
527
524
526
525
531
522
535
1958
1958
1958
1958
1958
1958
1958
1958
1958
1958
512
513
514
515
516
517
518
519
520
521
538
523
529
537
524
531
527
522
525
526
535
533
1958
1958
1958
1958
1958
1958
1958
1958
1958
1958
1958
1958
1958
1958
1958
1958
1958
522
523
524
525
526
527
528
529
530
531
532
533
534
535
536
537
538
545
542
561
562
557
565
540
539
541
545
561
562
542
557
565
1958
1958
1958
539
540
541
1958
1958
1958
1958
1958
1958
1958
1958
1958
1958
1958
1958
1958
1958
1958
542
543
544
545
546
547
548
549
550
551
552
553
554
555
556
1958
1958
1958
1958
1958
1958
1958
1958
1958
1958
1958
1958
1958
557
558
559
560
561
562
563
564
565
566
567
568
569
1958
570
1958
571
1981
1945
1946
1981
1981
1958
572
1947
1982
1983
1984
1985
1948
585
1986
1983
1983
584
1982
1982
1985
1985
1949
592
1950
1951
1987
573
1988
573
1988
1988
1958
573
574
574
1958
574
585
584
592
605
600
595
601
1958
1958
575
576
1958
1958
1958
1958
1958
1958
1958
1958
1958
1958
1958
1958
1958
1958
1958
1958
577
578
579
580
581
582
583
584
585
586
587
588
589
590
591
592
1958
593
1958
1958
1958
1958
1958
1958
1958
1958
1958
1958
1958
1958
594
595
596
597
598
599
600
601
602
603
604
605
686
684
679
675
655
606
660
657
664
652
666
677
606
680
607
673
1958
606
607
1958
607
1958
608
1952
609
609
1958
609
1953
1958
610
1958
611
613
613
1958
612
1959
1959
613
614
616
616
1958
615
1959
1959
616
617
1958
618
1959
1959
619
620
1958
621
1959
1959
622
623
624
624
1958
624
1959
1959
625
626
1958
627
1959
1959
628
629
1958
630
1959
1959
631
632
1958
633
1959
1959
634
635
637
637
1958
636
1959
637
1959
638
640
640
1958
639
1959
640
1959
641
1989
643
642
642
643
1958
642
1959
1959
643
644
1958
645
1959
1959
646
647
1958
648
1959
649
1959
650
653
653
655
660
657
664
652
666
677
680
673
1958
651
686
684
679
675
1958
1959
1958
1958
1959
1958
652
653
654
655
656
657
1958
1958
1958
1958
1958
1958
1958
1958
1958
1958
1958
1958
658
659
660
661
662
663
664
665
666
667
668
669
1958
1958
1958
1958
1958
1958
1958
1958
1958
1958
1958
1958
1958
1958
670
671
672
673
674
675
676
677
678
679
680
681
682
683
1958
1958
1958
1958
1958
1958
1958
1958
684
685
686
687
688
689
690
691
703
711
702
705
1958
1958
692
693
695
701
1958
694
695
1958
695
1959
696
1959
697
1958
698
701
1959
1959
699
700
1958
701
1990
703
711
705
702
1958
1958
1958
1958
1958
1958
1958
1958
1958
1958
702
703
704
705
706
707
708
709
710
711
731
730
727
725
1958
1958
712
713
1958
714
1991
1958
715
1959
716
1959
717
1958
718
720
722
721
720
722
721
1958
719
1958
720
1958
721
1959
722
1959
723
731
727
730
725
1958
1958
1958
1958
1958
1958
1958
1958
1958
1958
1958
1958
724
725
726
727
728
729
730
731
732
733
734
735
736
736
1958
736
1958
1958
1958
737
738
739
797
790
795
740
741
741
740
1958
1958
740
741
1958
1959
742
743
1959
744
745
1992
758
767
779
780
769
781
775
1992
1992
747
748
745
1958
745
748
747
750
1958
746
1959
1959
747
748
750
1958
749
1959
750
1959
751
764
754
754
1958
752
1959
753
1959
754
1958
755
1959
756
1959
757
764
758
767
779
780
769
781
775
797
790
795
1958
1958
1958
1958
1958
1958
1958
758
759
760
761
762
763
764
1958
1958
1958
1958
1958
1958
1958
1958
1958
1958
1958
1958
1958
1958
1958
1958
1958
1958
1958
1958
1958
1958
1958
765
766
767
768
769
770
771
772
773
774
775
776
777
778
779
780
781
782
783
784
785
786
787
1958
788
1958
1958
1958
1958
1958
1958
1958
1958
1958
1958
1958
1958
789
790
791
792
793
794
795
796
797
798
799
800
840
849
846
843
839
812
809
808
831
813
824
835
817
825
834
827
832
826
1958
801
1958
802
1959
1959
803
804
807
805
805
807
1958
805
1959
806
1959
807
812
809
808
831
813
824
835
817
825
834
827
832
826
849
840
843
846
839
1958
1958
1958
1958
1958
808
809
810
811
812
1958
1958
1958
1958
1958
1958
1958
1958
1958
1958
1958
1958
1958
1958
1958
1958
1958
1958
1958
1958
1958
1958
1958
813
814
815
816
817
818
819
820
821
822
823
824
825
826
827
828
829
830
831
832
833
834
835
1958
1958
836
837
1958
1958
1958
1958
1958
1958
1958
1958
1958
1958
1958
1958
838
839
840
841
842
843
844
845
846
847
848
849
893
891
889
859
864
855
869
871
872
1958
850
853
853
1958
851
1959
852
1959
853
859
864
855
869
871
872
893
891
889
1958
1958
1958
1958
1958
1958
1958
1958
1958
1958
1958
1958
1958
1958
1958
1958
1958
1958
854
855
856
857
858
859
860
861
862
863
864
865
866
867
868
869
870
871
1958
1958
1958
1958
1958
1958
1958
1958
1958
1958
1958
1958
872
873
874
875
876
877
878
879
880
881
882
883
1958
1958
1958
1958
1958
1958
1958
1958
1958
1958
1958
1958
884
885
886
887
888
889
890
891
892
893
894
895
903
904
901
902
899
1958
896
1958
897
899
1958
898
1959
899
1959
900
903
904
901
902
919
918
920
1958
1958
1958
1958
901
902
903
904
1958
1958
1958
1958
1958
1958
1958
1958
905
906
907
908
909
910
911
912
913
917
913
917
1958
913
1958
1958
914
915
1959
1959
916
917
919
918
920
1958
1958
1958
918
919
920
941
1958
1958
1958
1958
1958
1958
1958
1958
1958
921
922
923
924
925
926
927
928
929
1958
930
1958
931
1959
1959
932
933
1993
1958
934
941
959
954
955
958
953
1958
1958
1958
1958
1958
1958
1958
1958
1958
1958
1958
1958
935
936
937
938
939
940
941
942
943
944
945
946
1958
947
1958
948
1959
1959
949
950
959
955
954
958
953
973
968
1958
1958
1958
1958
1958
1958
1958
1958
1958
1958
1958
1958
951
952
953
954
955
956
957
958
959
960
961
962
965
1958
963
965
1958
964
1959
965
1959
966
1994
968
973
990
989
991
992
993
986
1958
1958
1958
1958
1958
1958
1958
1958
1958
1958
1958
1958
967
968
969
970
971
972
973
974
975
976
977
978
1958
979
1959
1959
980
981
983
983
1958
982
1959
983
1959
984
988
985
986
988
985
1958
1958
985
986
1959
1959
987
988
990
989
991
993
992
1016
1015
1014
1017
1958
1958
1958
1958
1958
989
990
991
992
993
1958
1958
1958
1958
1958
1958
1958
994
995
996
997
998
999
1000
1002
1001
1001
1002
1958
1001
1959
1002
1959
1003
1005
1005
1958
1004
1959
1005
1959
1006
1007
1007
1958
1007
1959
1008
1959
1009
1958
1010
1958
1011
1959
1959
1012
1013
1016
1015
1014
1017
1958
1958
1958
1958
1014
1015
1016
1017
1958
1958
1958
1958
1958
1958
1958
1958
1018
1019
1020
1021
1022
1023
1024
1025
1831
1941
1941
1831
1942
1941
1030
1026
1027
1029
1028
1028
1027
1029
1030
1026
1958
1958
1958
1958
1958
1026
1027
1028
1029
1030
1958
1958
1958
1958
1958
1958
1958
1031
1032
1033
1034
1035
1036
1037
1832
1955
1942
1832
1941
1941
1832
1955
1942
1832
1955
1942
1832
1832
1832
1832
1955
1942
1832
1955
1942
1832
1955
1942
1832
1955
1942
1832
1955
1942
1832
1955
1942
1832
1955
1942
1832
1955
1942
1832
1955
1942
1832
1941
1942
1832
1955
1942
1995
1941
82
84
81
83
66
66
67
67
70
70
84
82
81
83
123
115
120
124
125
86
107
113
114
110
112
97
103
100
102
98
96
94
117
86
107
113
114
110
112
103
97
100
102
98
96
94
117
123
115
125
124
120
140
144
137
146
142
147
139
130
129
129
130
137
144
140
142
146
147
139
162
161
159
160
158
151
150
149
150
149
151
1960
1960
162
159
161
158
160
174
179
175
166
166
174
179
175
192
191
190
195
183
180
180
183
192
191
190
195
201
198
206
202
211
211
201
198
206
202
224
223
222
227
224
223
222
227
236
241
244
237
245
230
228
228
230
232
231
231
232
236
241
237
244
245
259
262
252
261
248
248
259
262
252
261
277
263
263
267
274
267
274
277
284
290
286
284
286
290
305
306
304
307
293
295
295
293
305
306
304
307
318
312
319
316
309
311
308
311
308
309
318
319
312
316
340
354
359
369
331
336
367
363
353
366
360
365
368
326
326
331
336
367
363
353
366
360
365
368
340
354
359
369
1833
1941
1955
1833
1941
1955
1833
1961
1955
1833
1961
1955
1833
1961
1955
1833
1961
1955
1833
1961
1955
1833
1961
1955
1833
1941
1955
1833
1961
1955
1833
1961
1955
1833
1961
1955
1833
1961
1955
1833
1833
1833
1833
1941
1961
1833
1962
1961
1833
1962
1961
1833
1962
1961
1833
1962
1961
1833
1996
1830
1996
1833
1962
1961
1833
1962
1961
1833
1962
1961
1833
1962
1961
1833
1962
1961
1833
1962
1961
1833
1962
1961
1833
1962
1961
1833
1962
1961
1833
1941
1961
1833
1941
1961
1833
1962
1961
1833
1997
1996
1077
1080
1078
1074
1044
1053
1059
1047
1048
1050
1058
1063
1066
1067
1069
1958
1038
1958
1039
1959
1959
1040
1041
1044
1053
1059
1047
1048
1050
1058
1063
1066
1067
1069
1077
1078
1080
1074
1958
1958
1958
1958
1958
1958
1958
1958
1958
1958
1958
1958
1958
1958
1958
1958
1958
1958
1958
1042
1043
1044
1045
1046
1047
1048
1049
1050
1051
1052
1053
1054
1055
1056
1057
1058
1059
1060
1958
1958
1958
1958
1958
1958
1958
1958
1958
1958
1958
1958
1061
1062
1063
1064
1065
1066
1067
1068
1069
1070
1071
1072
1958
1958
1958
1958
1958
1958
1958
1958
1958
1958
1958
1958
1073
1074
1075
1076
1077
1078
1079
1080
1081
1082
1083
1084
1085
1086
1126
1128
1123
1127
1124
1091
1108
1119
1096
1112
1114
1105
1109
1101
1116
1122
1086
1085
1958
1958
1085
1086
1958
1958
1087
1088
1091
1108
1119
1096
1112
1114
1105
1109
1101
1116
1122
1958
1958
1958
1089
1090
1091
1126
1123
1128
1124
1127
1958
1958
1958
1958
1958
1958
1958
1958
1958
1958
1958
1958
1958
1958
1958
1958
1958
1958
1958
1958
1958
1958
1958
1958
1958
1958
1958
1958
1092
1093
1094
1095
1096
1097
1098
1099
1100
1101
1102
1103
1104
1105
1106
1107
1108
1109
1110
1111
1112
1113
1114
1115
1116
1117
1118
1119
1171
1172
1958
1958
1958
1958
1958
1958
1958
1958
1958
1120
1121
1122
1123
1124
1125
1126
1127
1128
1145
1136
1142
1155
1161
1151
1141
1139
1147
1138
1164
1149
1166
1958
1129
1131
1132
1132
1131
1958
1130
1959
1959
1131
1132
1958
1133
1959
1134
1959
1135
1136
1145
1155
1161
1141
1138
1147
1164
1139
1151
1149
1958
1958
1136
1137
1958
1958
1958
1958
1958
1958
1958
1958
1958
1958
1138
1139
1140
1141
1142
1143
1144
1145
1146
1142
1147
1958
1958
1958
1958
1958
1958
1958
1958
1958
1958
1958
1958
1958
1958
1958
1958
1958
1148
1149
1150
1151
1152
1153
1154
1155
1156
1157
1158
1159
1160
1161
1162
1163
1164
1958
1165
1166
1172
1171
1958
1166
1958
1958
1958
1958
1958
1958
1167
1168
1169
1170
1171
1172
1958
1958
1958
1958
1958
1958
1173
1174
1175
1176
1177
1178
1217
1214
1218
1215
1213
1182
1183
1192
1205
1201
1204
1209
1200
1194
1193
1198
1196
1195
1190
1203
1958
1179
1184
1184
1958
1180
1182
1183
1192
1205
1201
1204
1209
1200
1194
1193
1198
1196
1195
1190
1203
1959
1181
1958
1958
1959
1958
1182
1183
1184
1185
1217
1214
1218
1215
1213
1958
1958
1958
1958
1958
1958
1958
1958
1958
1958
1958
1958
1958
1958
1958
1958
1958
1958
1958
1958
1958
1958
1958
1958
1958
1186
1187
1188
1189
1190
1191
1192
1193
1194
1195
1196
1197
1198
1199
1200
1201
1202
1203
1204
1205
1206
1207
1208
1209
1210
1958
1958
1211
1212
1958
1958
1958
1958
1958
1958
1213
1214
1215
1216
1217
1218
1958
1958
1958
1958
1958
1958
1958
1219
1220
1221
1222
1223
1224
1225
1266
1262
1264
1231
1251
1241
1242
1253
1237
1255
1246
1259
1958
1226
1228
1228
1958
1227
1959
1228
1959
1229
1231
1251
1241
1242
1253
1237
1255
1246
1259
1958
1958
1230
1231
1958
1958
1958
1958
1958
1958
1958
1958
1958
1958
1958
1958
1958
1958
1958
1958
1958
1958
1958
1958
1958
1958
1958
1958
1232
1233
1234
1235
1236
1237
1238
1239
1240
1241
1242
1243
1244
1245
1246
1247
1248
1249
1250
1251
1252
1253
1254
1255
1958
1958
1958
1958
1256
1257
1258
1259
1958
1260
1266
1262
1264
1958
1958
1958
1958
1958
1958
1958
1958
1958
1958
1958
1958
1261
1262
1263
1264
1265
1266
1267
1268
1269
1270
1271
1272
1834
1941
1962
1834
1962
1962
1834
1941
1962
1834
1941
1962
1834
1941
1962
1834
1941
1962
1834
1941
1962
1834
1998
1830
1998
1834
1941
1962
1834
1942
1964
1834
1941
1964
1834
1942
1964
1834
1942
1964
1834
1942
1964
1834
1835
1830
1835
1834
1941
1964
1834
1942
1964
1834
1999
1835
1834
1941
1965
1834
1942
1965
1834
1999
1835
1835
1941
1965
1835
1941
1965
1314
1313
1319
1315
1318
1310
1316
1273
1291
1278
1301
1304
1282
1283
1273
1280
1289
1307
1958
1273
1958
1274
1959
1959
1275
1276
1289
1291
1280
1278
1283
1282
1304
1301
1307
1313
1319
1315
1314
1316
1310
1318
1958
1958
1958
1958
1958
1958
1958
1958
1958
1958
1958
1958
1958
1958
1958
1958
1958
1958
1958
1277
1278
1279
1280
1281
1282
1283
1284
1285
1286
1287
1288
1289
1290
1291
1292
1293
1294
1295
1958
1958
1296
1297
1958
1958
1958
1958
1958
1958
1958
1958
1958
1298
1299
1300
1301
1302
1303
1304
1305
1306
1958
1307
1356
1366
1357
1358
1958
1958
1958
1958
1958
1958
1958
1958
1958
1958
1958
1958
1308
1309
1310
1311
1312
1313
1314
1315
1316
1317
1318
1319
1320
1325
1328
1326
1320
1337
1338
1336
1352
1342
1958
1320
1958
1321
1959
1959
1322
1323
1325
1328
1326
1337
1338
1336
1352
1342
1366
1356
1357
1358
1958
1958
1958
1958
1958
1958
1958
1958
1958
1324
1325
1326
1327
1328
1329
1330
1331
1332
1958
1958
1958
1958
1958
1958
1958
1958
1958
1958
1958
1958
1958
1958
1958
1958
1958
1958
1958
1958
1958
1333
1334
1335
1336
1337
1338
1339
1340
1341
1342
1343
1344
1345
1346
1347
1348
1349
1350
1351
1352
1353
1958
1354
1958
1958
1958
1958
1958
1958
1958
1958
1958
1958
1958
1958
1355
1356
1357
1358
1359
1360
1361
1362
1363
1364
1365
1366
1369
1367
1369
1367
1408
1407
1406
1405
1374
1373
1958
1367
1387
1377
1376
1380
1375
1379
1383
1388
1392
1959
1959
1368
1369
1370
1370
1958
1370
1959
1371
1959
1372
1374
1373
1377
1376
1380
1375
1379
1383
1388
1392
1408
1407
1406
1405
1958
1958
1373
1374
1958
1958
1958
1958
1958
1958
1958
1958
1958
1958
1958
1958
1958
1958
1958
1958
1958
1375
1376
1377
1378
1379
1380
1381
1382
1383
1384
1385
1386
1387
1388
1389
1390
1391
1387
1958
1958
1958
1958
1958
1958
1958
1958
1958
1958
1958
1958
1392
1393
1394
1395
1396
1397
1398
1399
1400
1401
1402
1403
1958
1404
1958
1958
1958
1958
1405
1406
1407
1408
1958
1958
1958
1958
1958
1958
1958
1958
1409
1410
1411
1412
1413
1414
1415
1416
1836
1941
1965
1836
1941
1965
1836
1941
1965
1836
1836
1836
1836
1941
1965
1836
1941
1965
1857
1941
1713
1714
1706
1690
1698
1699
1702
1701
1694
1695
1690
1694
1695
1698
1699
1702
1701
1713
1706
1714
1739
1740
1748
1745
1751
1747
1735
1732
1731
1716
1716
1721
1720
1719
1720
1721
1719
1723
1723
1735
1732
1731
1740
1739
1748
1745
1751
1747
1775
1776
1782
1784
1785
1780
1752
1764
1752
1763
1762
1769
1773
1837
1941
1967
1837
1941
1967
1837
1941
1967
1837
1941
1967
1837
1837
1837
1782
1782
1780
1780
1762
1762
1764
1764
1775
1775
1776
1782
1776
1780
1784
1762
1784
1764
1775
1776
1785
1785
1784
1769
1769
1785
1769
1763
1763
1763
1773
1773
1773
1858
1941
1756
1756
1838
1941
1968
1838
1941
1968
1838
1941
1968
1838
1941
1968
1838
1941
1968
1838
1838
1782
1782
1764
1764
1769
1769
1776
1776
1775
1775
1762
1762
1782
1780
1780
1764
1784
1784
1769
1776
1775
1762
1785
1785
1780
1784
1763
1763
1785
1773
1773
1763
1773
1848
1941
1764
1763
1762
1769
1773
1775
1776
1782
1780
1784
1785
1806
1809
1813
1814
1793
1797
1792
1798
1801
1802
1812
1789
1787
1789
1787
1797
1793
1792
1798
1801
1802
1812
1806
1809
1813
1814
1419
1440
1433
1426
1442
1428
1434
1425
1439
1417
1818
1817
1818
1817
1824
1824
1839
1941
1969
1839
1941
1969
1839
1941
1969
1839
2000
1830
2000
1839
1941
1969
1839
1941
1969
1839
1941
1969
1839
1941
1969
1839
1941
1969
1839
1941
1969
1839
1941
1969
1839
1941
1969
1839
1941
1969
1839
1941
1969
1958
1958
1958
1958
1958
1958
1958
1958
1958
1958
1958
1958
1958
1958
1958
1958
1958
1958
1958
1958
1958
1958
1958
1958
1958
1958
1958
1958
1417
1418
1419
1420
1421
1422
1423
1424
1425
1426
1427
1428
1429
1430
1431
1432
1433
1434
1435
1436
1437
1438
1439
1440
1441
1442
1443
1444
1465
1461
1463
1462
1464
1445
1446
1445
1449
1958
1445
1446
1449
1958
1446
1461
1465
1463
1462
1464
1958
1958
1958
1958
1958
1958
1958
1958
1958
1958
1958
1447
1448
1449
1450
1451
1452
1453
1454
1455
1456
1457
1958
1958
1458
1459
1958
1958
1958
1958
1958
1958
1958
1958
1958
1460
1461
1462
1463
1464
1465
1466
1467
1468
1958
1958
1958
1469
1470
1471
1485
1499
1478
1486
1477
1481
1479
1475
1958
1472
1488
1488
1498
1498
1958
1958
1958
1958
1958
1958
1958
1958
1958
1473
1474
1475
1476
1477
1478
1479
1480
1481
1499
1486
1475
1498
1477
1478
1481
1479
1488
1485
1849
1942
1970
1849
1942
1970
1849
1942
1970
1849
1942
1970
1849
1942
1970
1849
1942
1970
1830
1849
1942
1970
1830
1830
1830
1830
1849
1942
1970
1830
1830
1830
1830
1830
1830
1830
1830
1830
1830
1849
1942
1970
1830
1830
1830
1830
1830
1830
1830
1830
1830
1830
1830
1830
1830
1830
1830
1830
1830
1830
1830
1830
1830
1830
1830
1830
1830
1830
1830
1830
1830
1830
1849
1942
1970
1840
1942
1970
1840
1942
1970
1840
1942
1970
1840
1942
1970
1840
1942
1970
1840
1942
1970
1840
1942
1970
1840
1942
1970
1840
1942
1970
1840
1942
1970
1830
1830
1830
1840
1942
1970
1830
1830
1830
1830
1830
1830
1849
1942
1970
1849
2001
1830
2001
1840
1942
1970
1840
1942
1970
1840
1942
1970
1840
1942
1970
1840
1942
1970
1840
1942
1970
1840
1942
1970
1840
1942
1970
1840
1942
1970
1849
1942
1970
1830
1543
1503
1518
1512
1511
1958
1958
1958
1958
1958
1958
1958
1958
1958
1958
1958
1958
1958
1958
1958
1958
1958
1958
1482
1483
1484
1485
1486
1487
1488
1489
1490
1491
1492
1493
1494
1495
1496
1497
1498
1499
1958
1500
2002
1508
1505
1526
1525
1518
1511
1512
1503
1508
1505
1526
1525
1958
1501
1543
1958
1958
1958
1958
1958
1958
1958
1958
1958
1958
1958
1958
1958
1958
1958
1958
1958
1958
1958
1958
1958
1502
1503
1504
1505
1506
1507
1508
1509
1510
1511
1512
1513
1514
1515
1516
1517
1518
1519
1520
1521
1522
1958
1958
1958
1958
1958
1958
1958
1958
1523
1524
1525
1526
1527
1528
1529
1530
1582
1581
1587
1577
1545
1547
1570
1958
1958
1958
1958
1958
1958
1958
1958
1958
1958
1958
1958
1958
1531
1532
1533
1534
1535
1536
1537
1538
1539
1540
1541
1542
1543
1553
1550
1557
1565
1569
1572
1573
1574
1580
1545
1547
1570
1553
1550
1557
1565
1569
1572
1573
1574
1958
1958
1958
1544
1545
1546
1580
1581
1582
1587
1577
1958
1958
1958
1958
1958
1958
1958
1958
1958
1958
1958
1958
1958
1958
1958
1958
1958
1958
1958
1958
1958
1958
1958
1958
1547
1548
1549
1550
1551
1552
1553
1554
1555
1556
1557
1558
1559
1560
1561
1562
1563
1564
1565
1566
1567
1568
1569
1570
1958
1958
1958
1958
1571
1572
1573
1574
1958
1958
1958
1958
1958
1958
1958
1958
1958
1958
1958
1958
1958
1575
1576
1577
1578
1579
1580
1581
1582
1583
1584
1585
1586
1587
1641
1634
1638
1588
1620
1588
1615
1609
1616
1605
1611
1624
1625
1958
1588
1958
1589
1959
1959
1590
1591
1958
1592
1959
1959
1593
1594
1595
1595
1599
1598
1958
1595
1959
1959
1596
1597
1598
1599
1958
1598
1959
1959
1599
1600
1620
1615
1609
1616
1605
1611
1624
1625
1958
1958
1601
1602
1641
1638
1634
1958
1603
1958
1958
1958
1958
1958
1958
1958
1958
1958
1958
1958
1958
1958
1958
1958
1958
1958
1958
1958
1958
1604
1605
1606
1607
1608
1609
1610
1611
1612
1613
1614
1615
1616
1617
1618
1619
1620
1621
1622
1623
1958
1958
1958
1958
1958
1958
1958
1624
1625
1626
1627
1628
1629
1630
1958
1631
1958
1958
1958
1958
1958
1958
1958
1958
1958
1958
1958
1958
1632
1633
1634
1635
1636
1637
1638
1639
1640
1641
1642
1643
1683
1665
1664
1666
1678
1661
1684
1646
1645
1652
1958
1644
1958
1645
1645
1958
1646
1646
1958
1958
1958
1958
1647
1648
1649
1650
1958
1958
1958
1651
1652
1653
1652
1958
1958
1958
1958
1958
1958
1958
1654
1655
1656
1657
1658
1659
1660
1841
1941
1974
1841
1941
1974
1841
1941
1974
1841
2003
1830
2003
1958
1958
1958
1958
1958
1958
1958
1958
1958
1958
1958
1958
1958
1958
1958
1958
1958
1958
1958
1958
1958
1958
1958
1958
1958
1958
1958
1661
1662
1663
1664
1665
1666
1667
1668
1669
1670
1671
1672
1673
1674
1675
1676
1677
1678
1679
1680
1681
1682
1683
1684
1685
1686
1687
1841
1941
1974
1842
1941
1976
1842
1955
1977
1842
1955
1977
1842
1955
1977
1842
1955
1977
1842
1955
1977
1842
1955
1977
1842
1955
1977
2004
1830
1941
1830
1830
1941
1830
1830
1941
1830
1830
1941
1830
1830
1941
1830
1830
1941
1830
1830
1941
1830
1830
1941
1830
1830
1941
1830
1830
1941
1830
1830
1941
1830
1830
1941
1830
1830
1941
1830
1830
1941
1830
1830
1941
1830
1830
1941
1830
1830
1941
1830
1830
1941
1830
1830
1941
1830
1830
1941
1830
1830
1941
1830
1830
1941
1830
1830
1941
1830
1830
1941
1830
1830
1941
1830
1978
1844
1941
386
389
387
395
1980
1980
386
389
387
395
429
398
433
441
396
397
422
435
396
426
432
399
399
398
422
432
399
429
433
426
397
435
441
1845
1942
1941
1845
1942
1941
1845
1942
1941
1845
1942
1941
1830
1830
1845
1942
1941
1845
1942
1941
1830
1830
1830
1845
1942
1941
1830
1830
1845
1942
1941
1830
1830
1830
1830
1830
1830
1830
1830
1845
1942
1941
1830
1830
1830
1830
1830
1845
1942
1941
1830
1941
1830
1830
1941
1830
1830
1830
1830
1830
1830
1830
1830
1830
1830
1830
1830
1845
1942
1941
1830
1941
1830
1845
1942
1941
1830
1941
1830
1830
1941
1830
1830
1941
1830
1830
1941
1830
1843
2005
1941
1843
2006
1941
409
409
412
410
412
410
417
416
416
417
456
452
445
445
452
456
478
481
488
477
492
473
494
486
473
494
486
481
478
477
488
492
513
518
516
515
495
502
509
508
495
496
496
502
509
508
513
518
516
515
604
596
594
597
602
544
543
551
547
553
564
534
530
534
530
549
550
568
558
560
563
559
544
543
551
547
553
549
564
550
558
568
560
563
559
1987
571
571
576
1984
1984
1986
581
1986
579
586
578
588
589
582
580
587
1987
575
575
576
581
579
586
578
588
589
582
580
587
604
596
597
594
602
690
691
688
687
667
658
682
661
662
659
610
671
678
674
683
610
612
612
617
617
619
620
618
620
618
619
621
621
625
625
638
638
1989
1989
645
645
648
648
656
656
667
658
682
661
662
659
671
678
674
683
690
691
688
687
710
707
706
709
712
696
696
699
699
1990
1990
710
707
706
709
712
729
734
728
733
726
714
716
717
715
714
1991
1991
717
715
716
718
718
729
734
733
728
726
739
737
739
737
794
800
793
796
792
789
742
743
744
743
744
742
762
770
783
787
782
786
766
776
777
788
763
753
752
752
753
763
762
770
783
787
782
786
766
776
777
788
800
794
793
796
792
789
842
847
841
801
801
830
822
818
828
814
821
815
802
802
830
822
818
828
814
821
815
842
847
841
884
888
895
890
885
850
854
858
850
865
863
870
862
877
878
874
883
881
854
858
865
863
870
862
877
878
874
883
881
884
888
895
890
885
906
907
910
896
900
896
900
906
910
907
926
921
923
922
915
914
915
914
926
923
922
921
937
938
946
939
936
935
934
930
933
931
930
931
933
1993
1993
934
937
938
946
939
936
935
952
951
962
949
950
949
950
952
951
962
974
972
969
977
963
966
964
963
966
964
1994
1994
974
972
969
977
996
998
1000
981
979
979
981
987
987
996
998
1000
1019
1025
1023
1022
1003
1003
1004
1004
1011
1011
1025
1019
1023
1022
1831
1941
1941
1831
1942
1941
1037
1035
1031
1031
1037
1035
1832
1942
1941
1832
1942
1941
1832
1942
1941
1832
2007
1830
2007
1832
1941
1942
1832
1955
1942
1832
1955
1942
1832
1955
1942
1832
1955
1942
1832
1955
1942
1832
1955
1942
1832
1955
1942
1832
1955
1942
1956
1995
1941
79
80
85
64
64
69
69
71
71
85
80
79
116
127
87
89
88
101
106
109
105
99
95
128
87
89
88
101
106
109
105
99
95
128
116
127
143
136
141
131
131
134
132
134
132
143
136
141
163
155
157
153
154
148
148
163
155
157
153
154
176
172
171
178
177
173
165
165
172
171
176
177
178
173
186
188
189
188
186
189
204
200
208
203
197
210
196
196
210
197
204
200
208
203
220
226
225
221
215
213
212
212
213
215
220
226
225
221
243
240
235
242
239
234
229
229
234
240
243
235
239
242
253
258
254
255
247
249
249
247
258
253
254
255
281
276
283
278
279
271
264
270
268
265
275
271
264
270
268
265
275
281
276
279
283
278
300
298
296
299
302
297
301
300
298
296
299
302
297
301
313
314
317
310
310
313
314
317
364
339
342
330
334
344
351
350
347
361
355
346
358
325
324
325
324
330
334
344
351
350
347
361
355
346
358
364
342
339
1833
1961
1955
1833
1961
1955
1833
1941
1955
1833
1961
1955
1833
1961
1955
1833
1961
1955
1833
1961
1955
1833
1961
1955
1833
1941
1955
1833
1941
1955
1833
1961
1955
1833
2008
1830
2008
1833
1962
1961
1833
1941
1961
1833
1962
1961
1833
1962
1961
1833
1962
1961
1833
1962
1961
1833
1962
1961
1833
1962
1961
1833
1962
1961
1996
1963
1941
1083
1075
1081
1082
1084
1056
1045
1042
1057
1046
1043
1060
1055
1061
1054
1064
1062
1041
1040
1039
1040
1041
1039
1056
1045
1042
1057
1046
1043
1060
1055
1061
1054
1064
1062
1075
1083
1081
1082
1084
1087
1088
1121
1099
1104
1115
1092
1100
1093
1113
1111
1088
1087
1099
1104
1115
1092
1100
1093
1113
1111
1121
1176
1175
1169
1159
1144
1162
1146
1163
1130
1130
1135
1133
1133
1135
1144
1159
1162
1146
1163
1175
1176
1169
1222
1225
1224
1221
1185
1188
1207
1202
1208
1187
1211
1216
1185
1188
1207
1202
1208
1187
1211
1216
1222
1225
1224
1221
1269
1270
1230
1254
1252
1240
1235
1248
1250
1244
1239
1232
1247
1245
1233
1258
1256
1257
1260
1227
1227
1230
1254
1252
1240
1235
1248
1250
1239
1232
1247
1245
1233
1258
1256
1257
1260
1244
1269
1270
1834
1941
1962
1834
1962
1962
1834
1941
1962
1834
1941
1962
1834
1941
1962
1834
1941
1962
1834
1941
1962
1834
1834
1834
1942
1964
1834
1941
1964
1834
1942
1964
1834
1942
1964
1834
1942
1964
1834
1942
1964
1834
1942
1964
1834
1942
1964
1834
1942
1964
1835
1834
1941
1965
1834
1942
1965
1835
1941
1965
1835
1941
1965
1966
1941
1312
1311
1294
1279
1292
1281
1303
1305
1299
1298
1300
1276
1275
1274
1274
1275
1276
1281
1294
1292
1303
1305
1299
1298
1300
1311
1312
1279
1355
1360
1359
1364
1343
1340
1334
1353
1335
1333
1323
1321
1323
1321
1343
1340
1334
1353
1335
1333
1360
1355
1359
1364
1368
1368
1410
1413
1415
1411
1385
1391
1382
1378
1389
1400
1393
1395
1402
1397
1399
1398
1394
1404
1372
1372
1385
1391
1382
1389
1400
1393
1395
1402
1397
1399
1398
1394
1404
1410
1413
1411
1415
1378
1836
1941
1965
1836
1941
1965
1836
1941
1965
1836
2009
1830
2009
1836
1941
1965
1836
1941
1965
1712
1710
1704
1688
1691
1697
1693
1700
1689
1688
1958
1688
1691
1689
1697
1693
1700
1958
1958
1958
1689
1690
1691
1712
1710
1704
1958
1958
1958
1958
1958
1958
1692
1693
1694
1695
1696
1697
1958
1958
1958
1958
1958
1698
1699
1700
1701
1702
1742
1741
1744
1746
1750
1726
1725
1727
1958
1958
1958
1958
1958
1958
1958
1958
1958
1958
1958
1958
1703
1704
1705
1706
1707
1708
1709
1710
1711
1712
1713
1714
1749
1958
1715
1717
1718
1718
1717
1958
1716
1959
1959
1717
1718
1958
1719
1959
1720
1959
1721
1722
1722
1958
1722
1726
1725
1727
1959
1723
1749
1742
1744
1741
1746
1750
1959
1958
1958
1958
1724
1725
1726
1727
1958
1958
1958
1958
1958
1958
1958
1958
1958
1958
1958
1728
1729
1730
1731
1732
1733
1734
1735
1736
1737
1738
1958
1958
1958
1958
1958
1958
1958
1958
1958
1958
1958
1958
1958
1739
1740
1741
1742
1743
1744
1745
1746
1747
1748
1749
1750
1751
1783
1777
1770
1771
1958
1752
1754
1837
1941
1967
1837
1941
1967
1837
1941
1967
1837
1941
1967
1837
1941
1967
1837
2010
1830
2010
1783
1783
1777
1777
1770
1770
1771
1771
1958
1753
1959
1959
1754
1755
1838
1941
1968
1838
1941
1968
1838
1941
1968
1838
1941
1968
1838
1941
1968
1838
2011
1830
2011
1777
1777
1771
1771
1770
1770
1783
1783
1958
1756
1770
1771
1959
1959
1757
1758
1783
1777
1958
1958
1958
1958
1958
1958
1958
1958
1958
1958
1759
1760
1761
1762
1763
1764
1765
1766
1767
1768
1958
1958
1958
1958
1769
1770
1771
1772
1808
1958
1773
1815
1816
1786
1958
1958
1958
1958
1958
1958
1958
1958
1958
1958
1958
1958
1774
1775
1776
1777
1778
1779
1780
1781
1782
1783
1784
1785
1799
1795
1800
1786
1794
1796
1958
1786
1958
1787
1959
1788
1959
1789
1799
1795
1800
1794
1796
1808
1815
1816
1958
1958
1958
1958
1958
1958
1958
1958
1958
1958
1958
1958
1958
1790
1791
1792
1793
1794
1795
1796
1797
1798
1799
1800
1801
1802
1958
1803
1958
1958
1958
1958
1958
1958
1958
1958
1804
1805
1806
1807
1808
1809
1810
1811
1958
1812
1958
1958
1958
1958
1813
1814
1815
1816
1437
1438
1420
1424
1421
1418
1422
1819
1819
1958
1817
1959
1818
1959
1819
1820
1820
1825
1823
1958
1820
1959
1959
1821
1822
1825
1823
1958
1823
1959
1824
1959
1825
1839
1941
1969
1839
1941
1969
1839
1941
1969
1839
1941
1969
1839
1941
1969
1839
1839
1850
1941
1466
1451
1454
1453
1448
1456
1458
1454
1451
1458
1453
1448
1456
1466
1474
1494
1493
1472
1476
1487
1472
1491
1490
1473
1473
1489
1489
1496
1496
1490
1487
1493
1496
1473
1474
1494
1491
1489
1476
1840
1942
1970
1840
1942
1970
1840
1942
1970
1840
1942
1970
1840
1942
1970
1830
1830
1830
1840
1942
1970
1830
1830
1830
1840
1942
1970
1830
1830
1830
1830
1830
1840
1942
1970
1830
1830
1830
1830
1830
1830
1830
1830
1830
1830
1830
1830
1830
1830
1830
1830
1840
1942
1970
1830
1830
1830
1830
1830
1830
1830
1830
1830
1830
1830
1830
1830
1830
1830
1830
1830
1830
1830
1830
1830
1830
1830
1830
1830
1830
1830
1830
1830
1830
1840
1942
1970
1830
1830
1840
1942
1970
1830
1830
1830
1830
1830
1840
1942
1970
1840
1942
1970
1840
1942
1970
1840
1942
1970
1840
1942
1970
1840
1942
1970
1840
1942
1970
1840
1942
1970
1840
1942
1970
1830
1830
1849
1942
1970
1849
1942
1970
1849
1942
1970
1849
1942
1970
1849
1942
1970
1849
1942
1970
1849
1942
1970
1849
1942
1970
1849
1942
1970
1849
1942
1970
1849
1942
1970
1849
1971
1941
1971
1972
1849
1849
1851
1941
1515
1849
1942
1970
1500
1539
1542
1537
1540
1516
1504
1535
1534
1519
1522
1513
1510
1520
1500
1849
1942
1970
1849
1942
1970
1849
1942
1970
1849
1942
1970
1849
1942
1970
1849
1942
1970
1849
1942
1970
1849
1942
1970
1849
1942
1970
1849
1942
1970
1849
1942
1970
1536
1532
2002
2002
1509
1507
1521
1514
1528
1529
1524
1519
1515
1516
1504
1513
1510
1509
1522
1521
1520
1507
1514
1528
1524
1529
1535
1536
1532
1542
1539
1537
1540
1534
1586
1579
1583
1544
1568
1562
1552
1556
1560
1564
1563
1567
1566
1548
1554
1544
1568
1562
1552
1556
1560
1564
1563
1567
1566
1548
1554
1586
1579
1583
1633
1643
1637
1640
1642
1636
1603
1618
1623
1602
1607
1621
1610
1622
1627
1629
1631
1591
1591
1596
1596
1600
1600
1603
1618
1623
1602
1607
1621
1610
1622
1627
1629
1631
1637
1643
1633
1640
1642
1636
1668
1679
1680
1681
1670
1675
1676
1672
1673
1687
1650
1662
1651
1659
1654
1650
1651
1654
1659
1841
1941
1974
1841
1941
1974
1841
1941
1974
1841
1941
1974
1841
1941
1974
1842
1975
1941
1842
1842
1942
1976
1842
1942
1976
1842
1942
1976
1842
2012
1830
2012
1842
1955
1977
1842
1955
1977
1842
1941
1977
1842
1955
1977
1842
1955
1977
1842
2004
1830
2004
1842
1941
1976
1842
1955
1977
1842
2013
2004
