2000
1600
3200
6400
2000
4000
2000
2000
4000
2000
4000
1600
3200
6400
2000
4000
1600
3200
6400
2000
4000
1600
3200
6400
2000
4000
2000
2000
4000
2000
2000
4000
1252
1600
3200
6400
2000
4000
2000
2000
4000
2000
2000
4000
2000
2000
4000
2000
2000
4000
2000
2000
4000
2000
2000
4000
2000
2000
4000
2474
1600
3200
6400
2000
4000
2000
1600
3200
6400
2000
4000
2000
4000
1600
3200
6400
2000
4000
2000
2000
4000
2000
1600
3200
2000
4000
4174
2000
2000
4000
3228
2000
1600
3200
2000
4000
6255
2000
1600
3200
2000
4000
2000
2000
4000
2556
2000
1600
3200
6400
2000
4000
2000
2000
4000
2000
2000
4000
2000
1600
2000
4000
1824
1600
3200
6400
2000
4000
2000
2000
4000
2000
2000
4000
2000
1600
3200
6400
2000
4000
1600
3200
6400
2000
4000
2000
4000
2000
2000
4000
2000
1600
2000
4000
5278
2000
2000
4000
3064
2000
2000
4000
2000
2000
4000
2000
2000
4000
2000
2000
4000
2000
2000
4000
2000
2000
4000
1600
3200
6400
2000
4000
2000
2000
4000
2000
4000
2000
2000
4000
